## Parametros Funciones de respuesta, ajuste gauss·recta (y=ax). Incidencia de 25 a 37 grados
#EMin 	 EMax	 FRMax      E_FRMax     FWHM	    Int	   Gauss_sigma  Gauss_E      a 	      Inc_G_S    Inc_G_E     Inc_a    DAT_In
50       100      1.221      1.359      1.207      0.377      0.620      0.583      2.375      0.111      0.193      0.585      1
100      150      0.505      1.341      1.373      0.173      0.772      0.337      1.411      0.146      0.306      0.476      1
150      200      0.331      1.357      1.241      0.103      0.647      0.546      0.686      0.119      0.214      0.182      1
200      300      0.363      1.367      1.224      0.112      0.630      0.582      0.714      0.121      0.211      0.190      1
300      500      0.316      1.344      1.277      0.101      0.682      0.479      0.722      0.122      0.231      0.200      1
500      1E3      0.196      1.517      1.298      0.064      0.644      0.770      0.327      0.089      0.135      0.056      1
1E3      2E3      0.073      1.697      1.065      0.024      0.562      0.434      0.158      0.095      0.140      0.038      3
2E3      1E9      0.026      2.002      1.368      0.010      0.698      0.691      0.049      0.075      0.131      0.008      3
