## Parametros Funciones de respuesta, ajuste gauss·recta (y=ax). Incidencia de 37 a 46 grados
#EMin 	 EMax	 FRMax      E_FRMax     FWHM	    Int	   Gauss_sigma  Gauss_E      a 	      Inc_G_S    Inc_G_E     Inc_a    DAT_In
50       100      0.630      1.632      1.188      0.212      0.595      0.670      1.095      0.070      0.114      0.172      1
100      150      0.303      1.661      1.132      0.096      0.550      0.757      0.458      0.068      0.103      0.069      1
150      200      0.184      1.647      1.108      0.057      0.538      0.752      0.276      0.073      0.110      0.046      1
200      300      0.197      1.654      1.158      0.064      0.569      0.727      0.314      0.080      0.126      0.056      1
300      500      0.179      1.661      1.154      0.057      0.565      0.741      0.281      0.062      0.097      0.039      1
500      1E3      0.127      1.718      1.188      0.042      0.577      0.801      0.191      0.072      0.111      0.029      1
1E3      2E3      0.058      1.802      0.895      0.018      0.471      0.374      0.125      0.068      0.117      0.028      3
2E3      1E9      0.027      1.913      0.984      0.008      0.503      0.488      0.052      0.049      0.087      0.008      3
