## Parametros Funciones de respuesta, ajuste gauss·recta (y=ax). Incidencia de 46 a 53 grados
#EMin 	 EMax	 FRMax      E_FRMax     FWHM	    Int	   Gauss_sigma  Gauss_E      a 	      Inc_G_S    Inc_G_E     Inc_a    DAT_In
50       100      0.313      1.590      1.007      0.072      0.467      0.914      0.361      0.150      0.156      0.109      1
100      150      0.144      1.634      0.969      0.031      0.443      0.984      0.149      0.132      0.139      0.042      1
150      200      0.089      1.639      0.967      0.020      0.442      0.991      0.092      0.123      0.130      0.024      1
200      300      0.104      1.627      0.924      0.022      0.420      0.993      0.102      0.091      0.098      0.021      1
300      500      0.081      1.654      0.986      0.018      0.451      1.000      0.084      0.124      0.129      0.022      1
500      1E3      0.066      1.689      0.944      0.014      0.427      1.059      0.062      0.139      0.149      0.019      1
1E3      2E3      0.047      1.819      0.465      0.005      0.206      0.642      0.036      0.037      0.045      0.004      3
2E3      1E9      0.023      1.845      0.469      0.002      0.208      0.670      0.017      0.015      0.015      0.001      3
