## Parametros Funciones de respuesta, ajuste gauss·recta (y=ax). Incidencia de 0 a 25 grados
#EMin 	 EMax	 FRMax      E_FRMax     FWHM	    Int	   Gauss_sigma  Gauss_E      a 	      Inc_G_S    Inc_G_E     Inc_a    DAT_In
50       100      1.073      1.363      1.756      0.466      1.279     -0.703      8.346      0.197      0.636      4.445      1
100      150      0.474      1.429      1.739      0.210      1.140     -0.211      2.378      0.175      0.488      1.009      1
150      200      0.273      1.496      1.695      0.120      1.010      0.188      0.946      0.118      0.284      0.247      1
200      300      0.304      1.482      1.682      0.130      1.007      0.166      1.072      0.185      0.449      0.446      1
300      500      0.270      1.519      1.608      0.110      0.901      0.412      0.742      0.127      0.275      0.202      1
500      1E3      0.174      1.652      1.643      0.070      0.868      0.667      0.380      0.104      0.199      0.075      1
1E3      2E3      0.067      1.761      1.730      0.030      0.898      0.785      0.136      0.102      0.188      0.024      1
2E3      1E9      0.028      2.150      1.409      0.010      0.707      0.781      0.049      0.074      0.119      0.007      3
